2025-03-01 10:58:27,800 [INFO] 图标路径存在: G:\Work\git\Bloret-Launcher\icons\bloret.png
2025-03-01 10:58:27,887 [INFO] 启动画面创建完成
2025-03-01 10:58:27,982 [INFO] 启动画面已显示
2025-03-01 10:58:28,339 [INFO] 图标路径存在: G:\Work\git\Bloret-Launcher\icons\bloret.png
2025-03-01 10:58:28,518 [INFO] 开始向 cmcl.json 读取数据
2025-03-01 10:58:28,518 [INFO] 读取到的 playerName: Detritalw
2025-03-01 10:58:28,519 [INFO] 读取到的 loginMethod: 离线登录
2025-03-01 10:58:28,604 [INFO] 成功读取 cmcl.json 数据
2025-03-01 10:58:29,021 [ERROR] 路径无效: G:\Work\git\Bloret-Launcher\.minecraft\versions
2025-03-01 10:58:29,222 [INFO] 成功读取 cmcl.json 数据
2025-03-01 10:58:29,224 [INFO] 设置 login_way_combo 当前索引为: 离线登录
2025-03-01 10:58:29,225 [INFO] 设置 name_combo 当前索引为: Detritalw
